import torch

def compute_camera_errors(extr_est, extr_gt):
    """
    计算相机的旋转误差和平移误差
    :param extr_est: 估计的 w2c 矩阵, shape (T, 4, 4)
    :param extr_gt: 真实的 w2c 矩阵, shape (T, 4, 4)
    :return: rot_errors (度), trans_errors (距离单位)
    """
    # 1. 提取 R (T, 3, 3) 和 t (T, 3, 1)
    R_est = extr_est[:, :3, :3]
    t_est = extr_est[:, :3, 3:4] 
    
    R_gt = extr_gt[:, :3, :3]
    t_gt = extr_gt[:, :3, 3:4]
    
    # ====================
    # 计算旋转误差 (Rotation Error)
    # ====================
    # 计算相对旋转 R_rel = R_est @ R_gt^T
    R_rel = torch.bmm(R_est, R_gt.transpose(1, 2))
    
    # 计算 Trace
    trace = R_rel.diagonal(dim1=-2, dim2=-1).sum(-1)
    
    # 限制在 [-1, 1] 范围内，防止浮点误差导致 arccos 产生 NaN
    cos_theta = torch.clamp((trace - 1.0) / 2.0, -1.0, 1.0)
    
    # 计算角度并转为度数
    rot_errors_rad = torch.acos(cos_theta)
    rot_errors_deg = torch.rad2deg(rot_errors_rad)
    
    # ====================
    # 计算平移误差 (Translation Error)
    # ====================
    # 计算相机光心在世界坐标系下的位置: C = -R^T @ t
    # 注意：R^T 即 R.transpose(1, 2)
    C_est = -torch.bmm(R_est.transpose(1, 2), t_est).squeeze(-1) # (T, 3)
    C_gt = -torch.bmm(R_gt.transpose(1, 2), t_gt).squeeze(-1)    # (T, 3)
    
    # 计算 L2 距离
    trans_errors = torch.norm(C_est - C_gt, dim=-1) # (T,)
    
    return rot_errors_deg, trans_errors


# --------- 使用示例 ---------

extr_est_list = [
    [
        [
            0.9999189376831055,
            0.012039687484502792,
            -0.004148504696786404,
            0.0017495766514912248
        ],
        [
            -0.012073837220668793,
            0.9998925924301147,
            -0.008307582698762417,
            0.00321202352643013
        ],
        [
            0.004048038274049759,
            0.008356996811926365,
            0.9999569058418274,
            -0.004246563650667667
        ],
        [
            0.0,
            0.0,
            0.0,
            1.0
        ]
    ],
    [
        [
            0.9999545812606812,
            0.009187743067741394,
            0.0025398589204996824,
            0.0003425648028496653
        ],
        [
            -0.009167639538645744,
            0.9999274015426636,
            -0.00781646091490984,
            0.000819648674223572
        ],
        [
            -0.00261149019934237,
            0.007792821153998375,
            0.9999662041664124,
            -0.0013362165773287416
        ],
        [
            0.0,
            0.0,
            0.0,
            1.0
        ]
    ],
    [
        [
            0.9999542832374573,
            0.006082398351281881,
            0.007377875503152609,
            -0.0006677128258161247
        ],
        [
            -0.006008778233081102,
            0.9999323487281799,
            -0.00995993334800005,
            0.00040127537795342505
        ],
        [
            -0.007437956985086203,
            0.009915146045386791,
            0.9999231696128845,
            0.00027058509294874966
        ],
        [
            0.0,
            0.0,
            0.0,
            1.0
        ]
    ],
    [
        [
            0.9999653100967407,
            0.003260485827922821,
            0.007661188021302223,
            -0.0009880447760224342
        ],
        [
            -0.0031697633676230907,
            0.9999250769615173,
            -0.011824261397123337,
            0.0003106117947027087
        ],
        [
            -0.007699166424572468,
            0.011799566447734833,
            0.999900758266449,
            0.0005655573913827538
        ],
        [
            0.0,
            0.0,
            0.0,
            1.0
        ]
    ],
    [
        [
            0.9999820590019226,
            0.0010086613474413753,
            0.005904501769691706,
            0.00035418252809904516
        ],
        [
            -0.0009248161222785711,
            0.9998989701271057,
            -0.014185776002705097,
            0.0018112071556970477
        ],
        [
            -0.005918213631957769,
            0.014180061407387257,
            0.9998819231987,
            0.0015184130752459168
        ],
        [
            0.0,
            0.0,
            0.0,
            1.0
        ]
    ],
    [
        [
            0.9999628067016602,
            0.002332226373255253,
            0.00830517616122961,
            -0.0015594244468957186
        ],
        [
            -0.002220097929239273,
            0.999906599521637,
            -0.01348472572863102,
            0.0023366017267107964
        ],
        [
            -0.008335850201547146,
            0.01346578635275364,
            0.9998745918273926,
            0.0071951961144804955
        ],
        [
            0.0,
            0.0,
            0.0,
            1.0
        ]
    ],
    [
        [
            0.9999365210533142,
            0.004122050944715738,
            0.010486947372555733,
            -0.0039369710721075535
        ],
        [
            -0.003986677620559931,
            0.9999088644981384,
            -0.012897069565951824,
            0.002580536063760519
        ],
        [
            -0.010539153590798378,
            0.012854442931711674,
            0.9998618364334106,
            0.01002185232937336
        ],
        [
            0.0,
            0.0,
            0.0,
            1.0
        ]
    ],
    [
        [
            0.9999203681945801,
            0.006427421234548092,
            0.010859042406082153,
            -0.004735797643661499
        ],
        [
            -0.006298885680735111,
            0.9999101758003235,
            -0.01182977668941021,
            0.0016953531885519624
        ],
        [
            -0.010934101417660713,
            0.01176043413579464,
            0.9998710751533508,
            0.010807307437062263
        ],
        [
            0.0,
            0.0,
            0.0,
            1.0
        ]
    ],
    [
        [
            0.9999156594276428,
            0.0061454856768250465,
            0.01144358329474926,
            -0.005245508160442114
        ],
        [
            -0.0060218628495931625,
            0.9999234676361084,
            -0.010806108824908733,
            -0.0002843521651811898
        ],
        [
            -0.011509116739034653,
            0.010736285708844662,
            0.9998761415481567,
            0.009502951055765152
        ],
        [
            0.0,
            0.0,
            0.0,
            1.0
        ]
    ],
    [
        [
            0.9999467134475708,
            0.005181667394936085,
            0.008931214921176434,
            -0.0034136278554797173
        ],
        [
            -0.005077699199318886,
            0.9999195337295532,
            -0.011624588631093502,
            0.00028994501917622983
        ],
        [
            -0.008990730158984661,
            0.011578618548810482,
            0.99989253282547,
            0.008454887196421623
        ],
        [
            0.0,
            0.0,
            0.0,
            1.0
        ]
    ]
]

extr_gt_list = [
    [
            [
                0.999920884738745,
                0.012168166034773028,
                -0.003193698840762123,
                0.0008924288514417472
            ],
            [
                -0.012193371071355407,
                0.9998937242166323,
                -0.007995053294352449,
                0.0025967274929650018
            ],
            [
                0.003096074054112858,
                0.0080333627982454,
                0.9999629521276666,
                -0.004663843575669948
            ],
            [
                0.0,
                0.0,
                0.0,
                1.0
            ]
        ],
        [
            [
                0.9999265167691272,
                0.00955777842557825,
                0.007453832402005421,
                -0.002856899158773987
            ],
            [
                -0.009510581211581675,
                0.9999346514438594,
                -0.006341909815098343,
                -0.0011358894351966816
            ],
            [
                -0.007513960396413506,
                0.006270553593072711,
                0.999952080791279,
                -0.0006180243344799463
            ],
            [
                0.0,
                0.0,
                0.0,
                1.0
            ]
        ],
        [
            [
                0.9998804374052663,
                0.0061761737031512534,
                0.01417639234023363,
                -0.004863211531880188
            ],
            [
                -0.006052201876411282,
                0.9999432357893927,
                -0.008771263386280793,
                -0.0017361090630998702
            ],
            [
                -0.014229759551045081,
                0.0086844168401608,
                0.9998610139548341,
                0.0014057347286355881
            ],
            [
                0.0,
                0.0,
                0.0,
                1.0
            ]
        ],
        [
            [
                0.9998961733254932,
                0.0034250427886492905,
                0.013997009405355287,
                -0.004843015443494106
            ],
            [
                -0.0032655839021199368,
                0.9999297185271273,
                -0.011399384953580113,
                -0.0015054396156788407
            ],
            [
                -0.014035068550051398,
                0.011352493059682401,
                0.9998370703078315,
                0.0015692636653687072
            ],
            [
                0.0,
                0.0,
                0.0,
                1.0
            ]
        ],
        [
            [
                0.9999422567566004,
                0.0013282443207603251,
                0.010664547477444334,
                -0.0023627968657235795
            ],
            [
                -0.001179415739577149,
                0.9999019974108897,
                -0.013949623986586989,
                0.00011865291276920798
            ],
            [
                -0.0106820315328304,
                0.013936240036599322,
                0.9998458488698609,
                0.001960719976653158
            ],
            [
                0.0,
                0.0,
                0.0,
                1.0
            ]
        ],
        [
            [
                0.9999224095915872,
                0.0015281973534321802,
                0.012363423967114057,
                -0.003832598413248515
            ],
            [
                -0.001350471786854899,
                0.9998958372994246,
                -0.014370698805420778,
                0.0015812247074731573
            ],
            [
                -0.01238409705573431,
                0.01435288809991805,
                0.9998203044708143,
                0.007509502786770765
            ],
            [
                0.0,
                0.0,
                0.0,
                1.0
            ]
        ],
        [
            [
                0.9998998835010909,
                0.0031006489274457965,
                0.013806819162416543,
                -0.005751379361476294
            ],
            [
                -0.0029131341396593856,
                0.9999035070713004,
                -0.013580779679617468,
                0.0017858581523700907
            ],
            [
                -0.013847596803605356,
                0.013539199554993471,
                0.999812474801463,
                0.0102592223196201
            ],
            [
                0.0,
                0.0,
                0.0,
                1.0
            ]
        ],
        [
            [
                0.9998789103397467,
                0.0052255806691098436,
                0.01465692073813297,
                -0.0069912223678032905
            ],
            [
                -0.005033523814889038,
                0.9999013705126613,
                -0.01310990025932738,
                0.0013086473507478423
            ],
            [
                -0.014723983033190089,
                0.013034536432069642,
                0.9998066252532382,
                0.011233319244105082
            ],
            [
                0.0,
                0.0,
                0.0,
                1.0
            ]
        ],
        [
            [
                0.999867552399771,
                0.005291103479182698,
                0.01539270652920725,
                -0.0076213802920587475
            ],
            [
                -0.005105067278043794,
                0.999913762430916,
                -0.012100262256155875,
                -0.0008164361825097835
            ],
            [
                -0.01545540234441261,
                0.012020077850872004,
                0.9998083000487084,
                0.009952258698899642
            ],
            [
                0.0,
                0.0,
                0.0,
                1.0
            ]
        ],
        [
            [
                0.9999019246326369,
                0.004646278096039078,
                0.013213140795203976,
                -0.006030059370862655
            ],
            [
                -0.0044861929673435,
                0.999916490041915,
                -0.012119536678137413,
                -0.0008051889141367483
            ],
            [
                -0.013268348521293894,
                0.012059070799592774,
                0.9998392576315325,
                0.0088759627328321
            ],
            [
                0.0,
                0.0,
                0.0,
                1.0
            ]
        ]
]


# 3. 转换为 PyTorch Tensor，并指定浮点类型
extr_est_tensor = torch.tensor(extr_est_list, dtype=torch.float32) 
extr_gt_tensor = torch.tensor(extr_gt_list, dtype=torch.float32)   

rot_err, trans_err = compute_camera_errors(extr_est_tensor, extr_gt_tensor)
print(f"平均旋转误差: {rot_err.mean().item():.2f} 度")
print(f"平均平移误差: {trans_err.mean().item():.4f}")